duration,protocol_type,service,flag,src_bytes,dst_bytes,land,wrong_fragment,urgent,hot,num_failed_logins,logged_in,num_compromised,root_shell,su_attempted,num_root,num_file_creations,num_shells,num_access_files,num_outbound_cmds,is_host_login,is_guest_login,count,srv_count,serror_rate,srv_serror_rate,rerror_rate,srv_rerror_rate,same_srv_rate,diff_srv_rate,srv_diff_host_rate,dst_host_count,dst_host_srv_count,dst_host_same_srv_rate,dst_host_diff_srv_rate,dst_host_same_src_port_rate,dst_host_srv_diff_host_rate,dst_host_serror_rate,dst_host_srv_serror_rate,dst_host_rerror_rate,dst_host_srv_rerror_rate,class,detection_difficulty
0,tcp,ftp_data,SF,491,0,0,0,0,0,0,0,0,0,0,0,0,0,0,0,0,0,2,2,0.00,0.00,0.00,0.00,1.00,0.00,0.00,150,25,0.17,0.03,0.17,0.00,0.00,0.00,0.05,0.00,normal,20
0,udp,other,SF,146,0,0,0,0,0,0,0,0,0,0,0,0,0,0,0,0,0,13,1,0.00,0.00,0.00,0.00,0.08,0.15,0.00,255,1,0.00,0.60,0.88,0.00,0.00,0.00,0.00,0.00,normal,15
0,tcp,private,S0,0,0,0,0,0,0,0,0,0,0,0,0,0,0,0,0,0,0,123,6,1.00,1.00,0.00,0.00,0.05,0.07,0.00,255,26,0.10,0.05,0.00,0.00,1.00,1.00,0.00,0.00,neptune,19
0,tcp,http,SF,232,8153,0,0,0,0,0,1,0,0,0,0,0,0,0,0,0,0,5,5,0.20,0.20,0.00,0.00,1.00,0.00,0.00,30,255,1.00,0.00,0.03,0.04,0.03,0.01,0.00,0.01,normal,21
0,tcp,http,SF,199,420,0,0,0,0,0,1,0,0,0,0,0,0,0,0,0,0,30,32,0.00,0.00,0.00,0.00,1.00,0.00,0.09,255,255,1.00,0.00,0.00,0.00,0.00,0.00,0.00,0.00,normal,21
0,tcp,private,REJ,0,0,0,0,0,0,0,0,0,0,0,0,0,0,0,0,0,0,121,19,0.00,0.00,1.00,1.00,0.16,0.06,0.00,255,19,0.07,0.07,0.00,0.00,0.00,0.00,1.00,1.00,neptune,21
0,tcp,private,S0,0,0,0,0,0,0,0,0,0,0,0,0,0,0,0,0,0,0,166,9,1.00,1.00,0.00,0.00,0.05,0.06,0.00,255,9,0.04,0.05,0.00,0.00,1.00,1.00,0.00,0.00,neptune,21
0,tcp,private,S0,0,0,0,0,0,0,0,0,0,0,0,0,0,0,0,0,0,0,117,16,1.00,1.00,0.00,0.00,0.14,0.06,0.00,255,15,0.06,0.07,0.00,0.00,1.00,1.00,0.00,0.00,neptune,21
0,tcp,remote_job,S0,0,0,0,0,0,0,0,0,0,0,0,0,0,0,0,0,0,0,270,23,1.00,1.00,0.00,0.00,0.09,0.05,0.00,255,23,0.09,0.05,0.00,0.00,1.00,1.00,0.00,0.00,neptune,21
0,tcp,private,S0,0,0,0,0,0,0,0,0,0,0,0,0,0,0,0,0,0,0,133,8,1.00,1.00,0.00,0.00,0.06,0.06,0.00,255,13,0.05,0.06,0.00,0.00,1.00,1.00,0.00,0.00,neptune,21
0,tcp,private,REJ,0,0,0,0,0,0,0,0,0,0,0,0,0,0,0,0,0,0,205,12,0.00,0.00,1.00,1.00,0.06,0.06,0.00,255,12,0.05,0.07,0.00,0.00,0.00,0.00,1.00,1.00,neptune,21
0,tcp,private,S0,0,0,0,0,0,0,0,0,0,0,0,0,0,0,0,0,0,0,199,3,1.00,1.00,0.00,0.00,0.02,0.06,0.00,255,13,0.05,0.07,0.00,0.00,1.00,1.00,0.00,0.00,neptune,21
0,tcp,http,SF,287,2251,0,0,0,0,0,1,0,0,0,0,0,0,0,0,0,0,3,7,0.00,0.00,0.00,0.00,1.00,0.00,0.43,8,219,1.00,0.00,0.12,0.03,0.00,0.00,0.00,0.00,normal,21
0,tcp,ftp_data,SF,334,0,0,0,0,0,0,1,0,0,0,0,0,0,0,0,0,0,2,2,0.00,0.00,0.00,0.00,1.00,0.00,0.00,2,20,1.00,0.00,1.00,0.20,0.00,0.00,0.00,0.00,warezclient,15
0,tcp,name,S0,0,0,0,0,0,0,0,0,0,0,0,0,0,0,0,0,0,0,233,1,1.00,1.00,0.00,0.00,0.00,0.06,0.00,255,1,0.00,0.07,0.00,0.00,1.00,1.00,0.00,0.00,neptune,19
0,tcp,netbios_ns,S0,0,0,0,0,0,0,0,0,0,0,0,0,0,0,0,0,0,0,96,16,1.00,1.00,0.00,0.00,0.17,0.05,0.00,255,2,0.01,0.06,0.00,0.00,1.00,1.00,0.00,0.00,neptune,18
0,tcp,http,SF,300,13788,0,0,0,0,0,1,0,0,0,0,0,0,0,0,0,0,8,9,0.00,0.11,0.00,0.00,1.00,0.00,0.22,91,255,1.00,0.00,0.01,0.02,0.00,0.00,0.00,0.00,normal,21
0,icmp,eco_i,SF,18,0,0,0,0,0,0,0,0,0,0,0,0,0,0,0,0,0,1,1,0.00,0.00,0.00,0.00,1.00,0.00,0.00,1,16,1.00,0.00,1.00,1.00,0.00,0.00,0.00,0.00,ipsweep,18
0,tcp,http,SF,233,616,0,0,0,0,0,1,0,0,0,0,0,0,0,0,0,0,3,3,0.00,0.00,0.00,0.00,1.00,0.00,0.00,66,255,1.00,0.00,0.02,0.03,0.00,0.00,0.02,0.00,normal,21
0,tcp,http,SF,343,1178,0,0,0,0,0,1,0,0,0,0,0,0,0,0,0,0,9,10,0.00,0.00,0.00,0.00,1.00,0.00,0.20,157,255,1.00,0.00,0.01,0.04,0.00,0.00,0.00,0.00,normal,21
0,tcp,mtp,S0,0,0,0,0,0,0,0,0,0,0,0,0,0,0,0,0,0,0,223,23,1.00,1.00,0.00,0.00,0.10,0.05,0.00,255,23,0.09,0.05,0.00,0.00,1.00,1.00,0.00,0.00,neptune,18
0,tcp,private,S0,0,0,0,0,0,0,0,0,0,0,0,0,0,0,0,0,0,0,280,17,1.00,1.00,0.00,0.00,0.06,0.05,0.00,238,17,0.07,0.06,0.00,0.00,0.99,1.00,0.00,0.00,neptune,18
0,tcp,http,SF,253,11905,0,0,0,0,0,1,0,0,0,0,0,0,0,0,0,0,8,10,0.00,0.00,0.00,0.00,1.00,0.00,0.20,87,255,1.00,0.00,0.01,0.02,0.00,0.00,0.00,0.00,normal,21
5607,udp,other,SF,147,105,0,0,0,0,0,0,0,0,0,0,0,0,0,0,0,0,1,1,0.00,0.00,0.00,0.00,1.00,0.00,0.00,255,1,0.00,0.85,1.00,0.00,0.00,0.00,0.00,0.00,normal,21
0,tcp,mtp,S0,0,0,0,0,0,0,0,0,0,0,0,0,0,0,0,0,0,0,248,2,1.00,1.00,0.00,0.00,0.01,0.06,0.00,255,2,0.01,0.06,0.00,0.00,1.00,1.00,0.00,0.00,neptune,19
507,tcp,telnet,SF,437,14421,0,0,0,0,0,1,3,0,0,0,0,0,1,0,0,0,1,1,0.00,0.00,0.00,0.00,1.00,0.00,0.00,255,25,0.10,0.05,0.00,0.00,0.53,0.00,0.02,0.16,normal,20
0,tcp,private,S0,0,0,0,0,0,0,0,0,0,0,0,0,0,0,0,0,0,0,279,7,1.00,1.00,0.00,0.00,0.03,0.06,0.00,255,13,0.05,0.07,0.00,0.00,1.00,1.00,0.00,0.00,neptune,21
0,tcp,http,SF,227,6588,0,0,0,0,0,1,0,0,0,0,0,0,0,0,0,0,5,22,0.00,0.00,0.00,0.00,1.00,0.00,0.18,43,255,1.00,0.00,0.02,0.14,0.00,0.00,0.56,0.57,normal,21
0,tcp,http,SF,215,10499,0,0,0,0,0,1,0,0,0,0,0,0,0,0,0,0,14,14,0.00,0.00,0.00,0.00,1.00,0.00,0.00,255,255,1.00,0.00,0.00,0.00,0.00,0.00,0.00,0.00,normal,21
0,tcp,http,SF,241,1400,0,0,0,0,0,1,0,0,0,0,0,0,0,0,0,0,33,33,0.00,0.00,0.03,0.03,1.00,0.00,0.00,255,255,1.00,0.00,0.00,0.00,0.00,0.00,0.00,0.00,normal,21
0,icmp,eco_i,SF,8,0,0,0,0,0,0,0,0,0,0,0,0,0,0,0,0,0,1,12,0.00,0.00,0.00,0.00,1.00,0.00,1.00,1,53,1.00,0.00,1.00,0.51,0.00,0.00,0.00,0.00,ipsweep,17
0,tcp,finger,S0,0,0,0,0,0,0,0,0,0,0,0,0,0,0,0,0,0,0,57,16,1.00,1.00,0.00,0.00,0.28,0.07,0.00,255,59,0.23,0.04,0.01,0.00,1.00,1.00,0.00,0.00,neptune,20
0,tcp,http,SF,303,555,0,0,0,0,0,1,0,0,0,0,0,0,0,0,0,0,9,9,0.00,0.00,0.00,0.00,1.00,0.00,0.00,9,255,1.00,0.00,0.11,0.01,0.00,0.00,0.00,0.00,normal,21
0,tcp,private,REJ,0,0,0,0,0,0,0,0,0,0,0,0,0,0,0,0,0,0,2,1,0.00,0.00,1.00,1.00,0.50,1.00,0.00,255,1,0.00,0.31,0.28,0.00,0.00,0.00,0.29,1.00,portsweep,20
0,udp,domain_u,SF,45,45,0,0,0,0,0,0,0,0,0,0,0,0,0,0,0,0,181,181,0.00,0.00,0.00,0.00,1.00,0.00,0.00,255,250,0.98,0.01,0.00,0.00,0.00,0.00,0.00,0.00,normal,18
1,udp,private,SF,105,147,0,0,0,0,0,0,0,0,0,0,0,0,0,0,0,0,2,2,0.00,0.00,0.00,0.00,1.00,0.00,0.00,41,5,0.12,0.05,0.05,0.00,0.00,0.00,0.00,0.00,normal,19
0,udp,domain_u,SF,43,43,0,0,0,0,0,0,0,0,0,0,0,0,0,0,0,0,122,202,0.00,0.00,0.00,0.00,1.00,0.00,0.01,255,255,1.00,0.00,0.01,0.00,0.00,0.00,0.00,0.00,normal,18
0,tcp,supdup,S0,0,0,0,0,0,0,0,0,0,0,0,0,0,0,0,0,0,0,205,17,1.00,1.00,0.00,0.00,0.08,0.06,0.00,255,17,0.07,0.07,0.00,0.00,1.00,1.00,0.00,0.00,neptune,19
0,tcp,http,SF,324,2302,0,0,0,0,0,1,0,0,0,0,0,0,0,0,0,0,22,28,0.00,0.00,0.00,0.00,1.00,0.00,0.14,255,255,1.00,0.00,0.00,0.00,0.00,0.00,0.00,0.00,normal,21
0,tcp,uucp_path,S0,0,0,0,0,0,0,0,0,0,0,0,0,0,0,0,0,0,0,228,13,1.00,1.00,0.00,0.00,0.06,0.07,0.00,255,13,0.05,0.07,0.00,0.00,1.00,1.00,0.00,0.00,neptune,20
0,tcp,ftp_data,S0,0,0,0,0,0,0,0,0,0,0,0,0,0,0,0,0,0,0,50,11,1.00,1.00,0.00,0.00,0.22,0.08,0.00,255,63,0.25,0.02,0.01,0.00,1.00,1.00,0.00,0.00,neptune,19
0,tcp,Z39_50,S0,0,0,0,0,0,0,0,0,0,0,0,0,0,0,0,0,0,0,262,12,1.00,1.00,0.00,0.00,0.05,0.06,0.00,255,9,0.04,0.07,0.00,0.00,1.00,1.00,0.00,0.00,neptune,18
2,tcp,smtp,SF,1591,372,0,0,0,0,0,1,0,0,0,0,0,0,0,0,0,0,1,2,0.00,0.00,0.00,0.00,1.00,0.00,1.00,181,147,0.81,0.02,0.01,0.00,0.00,0.00,0.00,0.00,normal,21
9052,udp,other,SF,146,105,0,0,0,0,0,0,0,0,0,0,0,0,0,0,0,0,4,2,0.00,0.00,0.00,0.00,0.50,0.50,0.00,255,2,0.01,0.66,0.99,0.00,0.00,0.00,0.00,0.00,normal,21
0,tcp,http,SF,290,3006,0,0,0,0,0,1,0,0,0,0,0,0,0,0,0,0,11,11,0.00,0.00,0.00,0.00,1.00,0.00,0.00,255,255,1.00,0.00,0.00,0.00,0.00,0.00,0.00,0.00,normal,21
0,tcp,csnet_ns,S0,0,0,0,0,0,0,0,0,0,0,0,0,0,0,0,0,0,0,108,11,1.00,1.00,0.00,0.00,0.10,0.08,0.00,255,11,0.04,0.07,0.00,0.00,1.00,1.00,0.00,0.00,neptune,18
0,udp,private,SF,28,0,0,3,0,0,0,0,0,0,0,0,0,0,0,0,0,0,80,80,0.00,0.00,0.00,0.00,1.00,0.00,0.00,255,80,0.31,0.02,0.31,0.00,0.00,0.00,0.00,0.00,teardrop,16
0,tcp,http,SF,255,861,0,0,0,0,0,1,0,0,0,0,0,0,0,0,0,0,44,44,0.02,0.02,0.00,0.00,1.00,0.00,0.00,255,255,1.00,0.00,0.00,0.00,0.00,0.00,0.00,0.00,normal,21
0,tcp,ftp_data,SF,334,0,0,0,0,0,0,1,0,0,0,0,0,0,0,0,0,0,2,2,0.00,0.00,0.00,0.00,1.00,0.00,0.00,4,38,1.00,0.00,1.00,0.18,0.00,0.00,0.00,0.00,warezclient,12
0,tcp,ftp_data,S0,0,0,0,0,0,0,0,0,0,0,0,0,0,0,0,0,0,0,258,17,1.00,1.00,0.00,0.00,0.07,0.05,0.00,255,5,0.02,0.07,0.00,0.00,1.00,1.00,0.00,0.00,neptune,18
0,tcp,http,SF,302,498,0,0,0,0,0,1,0,0,0,0,0,0,0,0,0,0,10,10,0.00,0.00,0.00,0.00,1.00,0.00,0.00,131,255,1.00,0.00,0.01,0.04,0.00,0.00,0.00,0.00,normal,21
0,tcp,private,REJ,0,0,0,0,0,0,0,0,0,0,0,0,0,0,0,0,0,0,61,4,0.00,0.00,1.00,1.00,0.07,0.10,0.00,255,4,0.02,0.08,0.00,0.00,0.00,0.00,1.00,1.00,neptune,21
0,udp,private,SF,28,0,0,3,0,0,0,0,0,0,0,0,0,0,0,0,0,0,2,2,0.00,0.00,0.00,0.00,1.00,0.00,0.00,255,2,0.01,0.02,0.01,0.00,0.00,0.00,0.77,0.00,teardrop,15
0,tcp,http,SF,220,1398,0,0,0,0,0,1,0,0,0,0,0,0,0,0,0,0,26,42,0.00,0.00,0.00,0.00,1.00,0.00,0.05,26,255,1.00,0.00,0.04,0.03,0.00,0.00,0.00,0.00,normal,21
0,udp,domain_u,SF,43,69,0,0,0,0,0,0,0,0,0,0,0,0,0,0,0,0,120,120,0.00,0.00,0.00,0.00,1.00,0.00,0.00,255,245,0.96,0.01,0.01,0.00,0.00,0.00,0.00,0.00,normal,18
0,udp,domain_u,SF,44,133,0,0,0,0,0,0,0,0,0,0,0,0,0,0,0,0,73,75,0.00,0.00,0.00,0.00,1.00,0.00,0.03,122,212,0.88,0.02,0.88,0.01,0.00,0.00,0.08,0.00,normal,21
0,icmp,eco_i,SF,8,0,0,0,0,0,0,0,0,0,0,0,0,0,0,0,0,0,1,15,0.00,0.00,0.00,0.00,1.00,0.00,1.00,2,46,1.00,0.00,1.00,0.26,0.00,0.00,0.00,0.00,nmap,17
0,tcp,uucp,S0,0,0,0,0,0,0,0,0,0,0,0,0,0,0,0,0,0,0,135,9,1.00,1.00,0.00,0.00,0.07,0.06,0.00,255,11,0.04,0.07,0.00,0.00,1.00,1.00,0.00,0.00,neptune,20
0,tcp,finger,S0,0,0,0,0,0,0,0,0,0,0,0,0,0,0,0,0,0,0,24,12,1.00,1.00,0.00,0.00,0.50,0.08,0.00,255,59,0.23,0.04,0.00,0.00,1.00,1.00,0.00,0.00,neptune,18
0,udp,domain_u,SF,43,43,0,0,0,0,0,0,0,0,0,0,0,0,0,0,0,0,148,228,0.00,0.00,0.00,0.00,1.00,0.00,0.01,255,255,1.00,0.00,0.01,0.00,0.00,0.00,0.00,0.00,normal,18
0,tcp,ftp_data,SF,641,0,0,0,0,0,0,1,0,0,0,0,0,0,0,0,0,0,2,2,0.00,0.00,0.00,0.00,1.00,0.00,0.00,175,48,0.25,0.02,0.25,0.04,0.00,0.00,0.00,0.00,normal,21
0,tcp,private,REJ,0,0,0,0,0,0,0,0,0,0,0,0,0,0,0,0,0,0,206,4,0.00,0.00,1.00,1.00,0.02,0.06,0.00,255,4,0.02,0.08,0.00,0.00,0.00,0.00,1.00,1.00,neptune,21
0,tcp,private,REJ,0,0,0,0,0,0,0,0,0,0,0,0,0,0,0,0,0,0,175,1,0.10,0.00,0.89,1.00,0.01,1.00,0.00,255,1,0.00,0.84,0.00,0.00,0.07,0.00,0.62,1.00,satan,18
0,tcp,http,SF,310,2794,0,0,0,0,0,1,0,0,0,0,0,0,0,0,0,0,4,4,0.00,0.00,0.00,0.00,1.00,0.00,0.00,255,255,1.00,0.00,0.00,0.00,0.00,0.00,0.00,0.00,normal,21
0,tcp,private,REJ,0,0,0,0,0,0,0,0,0,0,0,0,0,0,0,0,0,0,63,10,0.00,0.00,1.00,1.00,0.16,0.08,0.00,255,10,0.04,0.07,0.00,0.00,0.00,0.00,1.00,1.00,neptune,21
0,tcp,smtp,SF,696,333,0,0,0,0,0,1,0,0,0,0,0,0,0,0,0,0,1,1,0.00,0.00,0.00,0.00,1.00,0.00,0.00,109,133,0.39,0.04,0.01,0.02,0.00,0.00,0.00,0.00,normal,21
0,tcp,netbios_dgm,RSTR,0,0,0,0,0,0,0,0,0,0,0,0,0,0,0,0,0,0,1,1,0.00,0.00,1.00,1.00,1.00,0.00,0.00,236,1,0.00,0.58,0.58,0.00,0.00,0.00,0.58,1.00,portsweep,14
0,tcp,http,S0,0,0,0,0,0,0,0,0,0,0,0,0,0,0,0,0,0,0,52,19,1.00,1.00,0.00,0.00,0.37,0.08,0.00,255,67,0.26,0.02,0.00,0.00,1.00,1.00,0.00,0.00,neptune,19
0,tcp,netbios_dgm,REJ,0,0,0,0,0,0,0,0,0,0,0,0,0,0,0,0,0,0,125,7,0.00,0.00,1.00,1.00,0.06,0.06,0.00,255,6,0.02,0.07,0.00,0.00,0.00,0.00,1.00,1.00,neptune,20
0,tcp,supdup,S0,0,0,0,0,0,0,0,0,0,0,0,0,0,0,0,0,0,0,168,21,1.00,1.00,0.00,0.00,0.12,0.06,0.00,255,21,0.08,0.06,0.00,0.00,1.00,1.00,0.00,0.00,neptune,19
0,tcp,http,SF,221,2878,0,0,0,0,0,1,0,0,0,0,0,0,0,0,0,0,1,1,0.00,0.00,0.00,0.00,1.00,0.00,0.00,21,58,1.00,0.00,0.05,0.03,0.00,0.00,0.00,0.00,normal,21
0,tcp,private,S0,0,0,0,0,0,0,0,0,0,0,0,0,0,0,0,0,0,0,145,16,1.00,1.00,0.00,0.00,0.11,0.06,0.00,255,31,0.12,0.05,0.00,0.00,1.00,1.00,0.00,0.00,neptune,18
0,icmp,urp_i,SF,181,0,0,0,0,0,0,0,0,0,0,0,0,0,0,0,0,0,3,2,0.00,0.00,0.00,0.00,0.67,0.67,0.00,255,93,0.36,0.01,0.46,0.00,0.00,0.00,0.00,0.00,normal,21
0,udp,domain_u,SF,42,42,0,0,0,0,0,0,0,0,0,0,0,0,0,0,0,0,9,14,0.00,0.00,0.00,0.00,1.00,0.00,0.21,84,83,0.99,0.02,0.01,0.00,0.00,0.00,0.00,0.00,normal,21
0,tcp,private,S0,0,0,0,0,0,0,0,0,0,0,0,0,0,0,0,0,0,0,138,6,1.00,1.00,0.00,0.00,0.04,0.06,0.00,255,6,0.02,0.07,0.00,0.00,1.00,1.00,0.00,0.00,neptune,21
0,tcp,ftp_data,SF,12,0,0,0,0,0,0,1,0,0,0,0,0,0,0,0,0,0,1,1,0.00,0.00,0.00,0.00,1.00,0.00,0.00,44,47,0.55,0.07,0.55,0.04,0.00,0.00,0.00,0.00,normal,20
0,tcp,auth,S0,0,0,0,0,0,0,0,0,0,0,0,0,0,0,0,0,0,0,276,9,1.00,1.00,0.00,0.00,0.03,0.06,0.00,255,9,0.04,0.06,0.00,0.00,1.00,1.00,0.00,0.00,neptune,19
0,tcp,http,SF,210,2790,0,0,0,0,0,1,0,0,0,0,0,0,0,0,0,0,10,27,0.00,0.00,0.00,0.00,1.00,0.00,0.11,48,255,1.00,0.00,0.02,0.09,0.00,0.00,0.00,0.00,normal,21
0,tcp,http,SF,321,5683,0,0,0,0,0,1,0,0,0,0,0,0,0,0,0,0,10,10,0.00,0.00,0.00,0.00,1.00,0.00,0.00,168,255,1.00,0.00,0.01,0.04,0.00,0.00,0.00,0.00,normal,21
0,tcp,private,REJ,0,0,0,0,0,0,0,0,0,0,0,0,0,0,0,0,0,0,248,8,0.00,0.00,1.00,1.00,0.03,0.06,0.00,255,8,0.03,0.07,0.00,0.00,0.00,0.00,1.00,1.00,neptune,21
0,tcp,http,SF,329,3982,0,0,0,0,0,1,0,0,0,0,0,0,0,0,0,0,2,31,0.00,0.00,0.00,0.00,1.00,0.00,0.10,24,255,1.00,0.00,0.04,0.05,0.00,0.00,0.00,0.00,normal,21
0,tcp,uucp_path,REJ,0,0,0,0,0,0,0,0,0,0,0,0,0,0,0,0,0,0,135,7,0.00,0.00,1.00,1.00,0.05,0.07,0.00,255,7,0.03,0.07,0.00,0.00,0.00,0.00,1.00,1.00,neptune,19
0,tcp,domain,S0,0,0,0,0,0,0,0,0,0,0,0,0,0,0,0,0,0,0,220,19,1.00,1.00,0.00,0.00,0.09,0.05,0.00,255,2,0.01,0.07,0.00,0.00,1.00,1.00,0.00,0.00,neptune,18
0,icmp,eco_i,SF,8,0,0,0,0,0,0,0,0,0,0,0,0,0,0,0,0,0,1,44,0.00,0.00,0.00,0.00,1.00,0.00,1.00,1,95,1.00,0.00,1.00,0.51,0.00,0.00,0.00,0.00,ipsweep,15
0,tcp,http,SF,320,379,0,0,0,0,0,1,0,0,0,0,0,0,0,0,0,0,9,9,0.00,0.00,0.00,0.00,1.00,0.00,0.00,123,255,1.00,0.00,0.01,0.02,0.00,0.00,0.00,0.00,normal,21
0,tcp,private,S0,0,0,0,0,0,0,0,0,0,0,0,0,0,0,0,0,0,0,212,7,1.00,1.00,0.00,0.00,0.03,0.05,0.00,72,7,0.10,0.11,0.01,0.00,0.97,1.00,0.00,0.00,neptune,18
0,tcp,http,SF,225,3762,0,0,0,0,0,1,0,0,0,0,0,0,0,0,0,0,10,10,0.00,0.00,0.00,0.00,1.00,0.00,0.00,255,255,1.00,0.00,0.00,0.00,0.00,0.00,0.00,0.00,normal,21
0,tcp,ftp,S0,0,0,0,0,0,0,0,0,0,0,0,0,0,0,0,0,0,0,250,13,1.00,1.00,0.00,0.00,0.05,0.06,0.00,255,1,0.00,0.07,0.00,0.00,1.00,1.00,0.00,0.00,neptune,19
0,tcp,private,REJ,0,0,0,0,0,0,0,0,0,0,0,0,0,0,0,0,0,0,132,15,0.00,0.00,1.00,1.00,0.11,0.05,0.00,255,15,0.06,0.06,0.00,0.00,0.00,0.00,1.00,1.00,neptune,21
315,udp,other,SF,146,105,0,0,0,0,0,0,0,0,0,0,0,0,0,0,0,0,3,2,0.00,0.00,0.00,0.00,0.67,0.67,0.00,117,2,0.02,0.54,0.78,0.00,0.00,0.00,0.00,0.00,normal,21
0,tcp,http,SF,247,1416,0,0,0,0,0,1,0,0,0,0,0,0,0,0,0,0,11,11,0.00,0.00,0.00,0.00,1.00,0.00,0.00,156,255,1.00,0.00,0.01,0.09,0.00,0.00,0.46,0.61,normal,21
0,tcp,http,SF,353,1483,0,0,0,0,0,1,0,0,0,0,0,0,0,0,0,0,3,9,0.00,0.00,0.00,0.00,1.00,0.00,0.33,255,255,1.00,0.00,0.00,0.00,0.00,0.00,0.00,0.00,normal,21
0,udp,domain_u,SF,44,44,0,0,0,0,0,0,0,0,0,0,0,0,0,0,0,0,109,189,0.00,0.00,0.00,0.00,0.99,0.02,0.01,255,254,1.00,0.01,0.01,0.00,0.00,0.00,0.00,0.00,normal,18
0,tcp,private,REJ,0,0,0,0,0,0,0,0,0,0,0,0,0,0,0,0,0,0,146,18,0.00,0.00,1.00,1.00,0.12,0.05,0.00,255,10,0.04,0.08,0.00,0.00,0.00,0.00,1.00,1.00,neptune,21
0,tcp,csnet_ns,S0,0,0,0,0,0,0,0,0,0,0,0,0,0,0,0,0,0,0,300,6,1.00,1.00,0.00,0.00,0.02,0.06,0.00,255,3,0.01,0.07,0.00,0.00,1.00,1.00,0.00,0.00,neptune,18
2,tcp,smtp,SF,3065,331,0,0,0,0,0,1,0,0,0,0,0,0,0,0,0,0,1,2,0.00,0.00,0.00,0.00,1.00,0.00,1.00,243,119,0.48,0.02,0.00,0.02,0.01,0.02,0.00,0.00,normal,21
0,udp,other,SF,102,102,0,0,0,0,0,0,0,0,0,0,0,0,0,0,0,0,1,1,0.00,0.00,0.00,0.00,1.00,0.00,0.00,7,1,0.14,0.29,0.14,0.00,0.00,0.00,0.00,0.00,normal,21
0,tcp,http,SF,259,750,0,0,0,0,0,1,0,0,0,0,0,0,0,0,0,0,4,5,0.00,0.00,0.00,0.00,1.00,0.00,0.40,4,255,1.00,0.00,0.25,0.03,0.00,0.00,0.00,0.00,normal,21
1082,udp,other,SF,147,105,0,0,0,0,0,0,0,0,0,0,0,0,0,0,0,0,2,2,0.00,0.00,0.00,0.00,1.00,0.00,0.00,255,2,0.01,0.42,0.86,0.00,0.00,0.00,0.00,0.00,normal,21
0,tcp,private,S0,0,0,0,0,0,0,0,0,0,0,0,0,0,0,0,0,0,0,129,16,1.00,1.00,0.00,0.00,0.12,0.05,0.00,255,12,0.05,0.05,0.00,0.00,1.00,1.00,0.00,0.00,neptune,21
0,tcp,http,SF,0,354,0,0,0,0,0,0,0,0,0,0,0,0,0,0,0,0,32,32,0.03,0.03,0.00,0.00,1.00,0.00,0.00,255,255,1.00,0.00,0.00,0.00,0.00,0.00,0.00,0.00,normal,20
0,tcp,http,SF,309,306,0,0,0,0,0,1,0,0,0,0,0,0,0,0,0,0,1,1,0.00,0.00,0.00,0.00,1.00,0.00,0.00,66,255,1.00,0.00,0.02,0.02,0.00,0.00,0.00,0.00,normal,21
0,tcp,http,REJ,0,0,0,0,0,0,0,0,0,0,0,0,0,0,0,0,0,0,1,2,0.00,0.00,1.00,1.00,1.00,0.00,1.00,1,247,1.00,0.00,1.00,0.15,0.00,0.00,1.00,0.68,normal,21
0,tcp,http,SF,278,7227,0,0,0,0,0,1,0,0,0,0,0,0,0,0,0,0,3,3,0.00,0.00,0.00,0.00,1.00,0.00,0.00,153,255,1.00,0.00,0.01,0.05,0.00,0.00,0.00,0.00,normal,21
0,udp,private,SF,28,0,0,3,0,0,0,0,0,0,0,0,0,0,0,0,0,0,82,82,0.00,0.00,0.00,0.00,1.00,0.00,0.00,255,182,0.71,0.29,0.71,0.00,0.09,0.00,0.20,0.00,teardrop,16
0,tcp,http,SF,313,761,0,0,0,0,0,1,0,0,0,0,0,0,0,0,0,0,1,1,0.00,0.00,0.00,0.00,1.00,0.00,0.00,43,255,1.00,0.00,0.02,0.03,0.00,0.00,0.00,0.00,normal,21
0,tcp,http,SF,219,1212,0,0,0,0,0,1,0,0,0,0,0,0,0,0,0,0,15,15,0.00,0.00,0.00,0.00,1.00,0.00,0.00,242,255,1.00,0.00,0.00,0.01,0.00,0.00,0.00,0.00,normal,21
0,tcp,http,SF,245,9165,0,0,0,0,0,1,0,0,0,0,0,0,0,0,0,0,2,3,0.00,0.00,0.00,0.00,1.00,0.00,0.67,10,255,1.00,0.00,0.10,0.05,0.00,0.00,0.00,0.00,normal,21
0,tcp,http,SF,328,2243,0,0,0,0,0,1,0,0,0,0,0,0,0,0,0,0,21,21,0.00,0.00,0.00,0.00,1.00,0.00,0.00,21,255,1.00,0.00,0.05,0.04,0.00,0.00,0.00,0.00,normal,21
0,tcp,http,REJ,0,0,0,0,0,0,0,0,0,0,0,0,0,0,0,0,0,0,1,1,0.00,0.00,1.00,1.00,1.00,0.00,0.00,23,249,1.00,0.00,0.04,0.10,0.00,0.00,1.00,0.96,normal,21
0,tcp,http,SF,251,301,0,0,0,0,0,1,0,0,0,0,0,0,0,0,0,0,3,7,0.00,0.00,0.00,0.00,1.00,0.00,0.29,255,252,0.99,0.01,0.00,0.00,0.00,0.00,0.00,0.00,normal,21
0,tcp,smtp,SF,2089,335,0,0,0,0,0,1,0,0,0,0,0,0,0,0,0,0,2,2,0.00,0.00,0.00,0.00,0.50,1.00,1.00,255,152,0.60,0.03,0.00,0.00,0.01,0.02,0.00,0.01,normal,20
0,tcp,http,REJ,0,0,0,0,0,0,0,0,0,0,0,0,0,0,0,0,0,0,1,1,0.00,0.00,1.00,1.00,1.00,0.00,0.00,6,255,1.00,0.00,0.17,0.21,0.00,0.00,1.00,0.88,normal,21
0,tcp,http,SF,237,511,0,0,0,0,0,1,0,0,0,0,0,0,0,0,0,0,1,1,0.00,0.00,0.00,0.00,1.00,0.00,0.00,3,255,1.00,0.00,0.33,0.01,0.00,0.00,0.00,0.00,normal,21
0,tcp,http,SF,324,431,0,0,0,0,0,1,0,0,0,0,0,0,0,0,0,0,4,5,0.00,0.00,0.00,0.00,1.00,0.00,0.40,107,255,1.00,0.00,0.01,0.02,0.00,0.00,0.00,0.00,normal,21
25950,tcp,private,RSTR,1,0,0,0,0,0,0,0,0,0,0,0,0,0,0,0,0,0,2,2,0.00,0.00,1.00,1.00,1.00,0.00,0.00,255,2,0.01,0.69,1.00,0.00,0.00,0.00,1.00,1.00,portsweep,15
0,tcp,Z39_50,REJ,0,0,0,0,0,0,0,0,0,0,0,0,0,0,0,0,0,0,110,17,0.00,0.00,1.00,1.00,0.15,0.05,0.00,255,17,0.07,0.07,0.00,0.00,0.00,0.00,1.00,1.00,neptune,18
0,udp,private,SF,105,145,0,0,0,0,0,0,0,0,0,0,0,0,0,0,0,0,4,1,0.00,0.00,0.00,0.00,0.25,0.50,0.00,255,239,0.94,0.01,0.00,0.00,0.00,0.00,0.00,0.00,normal,18
0,tcp,http,SF,218,974,0,0,0,0,0,1,0,0,0,0,0,0,0,0,0,0,6,6,0.00,0.00,0.00,0.00,1.00,0.00,0.00,6,255,1.00,0.00,0.17,0.02,0.00,0.01,0.00,0.00,normal,21
0,tcp,http,SF,325,2649,0,0,0,0,0,1,0,0,0,0,0,0,0,0,0,0,7,7,0.00,0.00,0.00,0.00,1.00,0.00,0.00,107,255,1.00,0.00,0.01,0.01,0.00,0.00,0.00,0.00,normal,21
0,tcp,uucp_path,REJ,0,0,0,0,0,0,0,0,0,0,0,0,0,0,0,0,0,0,246,20,0.00,0.00,1.00,1.00,0.08,0.07,0.00,255,20,0.08,0.07,0.00,0.00,0.00,0.00,1.00,1.00,neptune,19
0,tcp,bgp,REJ,0,0,0,0,0,0,0,0,0,0,0,0,0,0,0,0,0,0,272,19,0.00,0.00,1.00,1.00,0.07,0.07,0.00,255,19,0.07,0.08,0.00,0.00,0.00,0.00,1.00,1.00,neptune,19
0,tcp,csnet_ns,S0,0,0,0,0,0,0,0,0,0,0,0,0,0,0,0,0,0,0,259,8,1.00,1.00,0.00,0.00,0.03,0.07,0.00,255,8,0.03,0.08,0.00,0.00,1.00,1.00,0.00,0.00,neptune,20
240,tcp,http,SF,328,275,0,0,0,0,0,1,0,0,0,0,0,0,0,0,0,0,9,10,0.00,0.00,0.00,0.10,1.00,0.00,0.20,255,250,0.98,0.01,0.00,0.00,0.00,0.00,0.00,0.00,normal,21
0,tcp,bgp,S0,0,0,0,0,0,0,0,0,0,0,0,0,0,0,0,0,0,0,294,6,1.00,1.00,0.00,0.00,0.02,0.05,0.00,255,8,0.03,0.07,0.00,0.00,1.00,1.00,0.00,0.00,neptune,18
0,tcp,finger,SF,9,138,0,0,0,0,0,0,0,0,0,0,0,0,0,0,0,0,1,1,0.00,0.00,0.00,0.00,1.00,0.00,0.00,195,10,0.03,0.03,0.01,0.20,0.01,0.00,0.01,0.00,normal,21
0,udp,domain_u,SF,46,46,0,0,0,0,0,0,0,0,0,0,0,0,0,0,0,0,96,178,0.00,0.00,0.00,0.00,1.00,0.00,0.02,255,254,1.00,0.01,0.01,0.00,0.00,0.00,0.00,0.00,normal,18
1,tcp,smtp,SF,1079,334,0,0,0,0,0,1,0,0,0,0,1,0,0,0,0,0,1,1,0.00,0.00,0.00,0.00,1.00,0.00,0.00,138,167,0.57,0.03,0.01,0.01,0.00,0.00,0.00,0.00,normal,21
0,udp,domain_u,SF,45,139,0,0,0,0,0,0,0,0,0,0,0,0,0,0,0,0,79,159,0.00,0.00,0.00,0.00,1.00,0.00,0.01,255,254,1.00,0.01,0.00,0.00,0.00,0.00,0.00,0.00,normal,19
26,tcp,ftp,SF,273,903,0,0,0,5,0,1,0,0,0,0,0,0,0,0,0,1,1,1,0.00,0.00,0.00,0.00,1.00,0.00,0.00,176,49,0.28,0.02,0.01,0.00,0.01,0.02,0.00,0.00,normal,21
0,tcp,private,S0,0,0,0,0,0,0,0,0,0,0,0,0,0,0,0,0,0,0,190,20,1.00,1.00,0.00,0.00,0.11,0.06,0.00,255,20,0.08,0.08,0.00,0.00,1.00,1.00,0.00,0.00,neptune,21
0,tcp,ldap,REJ,0,0,0,0,0,0,0,0,0,0,0,0,0,0,0,0,0,0,135,5,0.00,0.00,1.00,1.00,0.04,0.06,0.00,255,1,0.00,0.07,0.00,0.00,0.00,0.00,1.00,1.00,neptune,19
0,tcp,http,SF,237,138,0,0,0,0,0,1,0,0,0,0,0,0,0,0,0,0,2,2,0.00,0.00,0.00,0.00,1.00,0.00,0.00,2,2,1.00,0.00,0.50,0.00,0.00,0.00,0.00,0.00,normal,20
0,tcp,http,SF,225,1357,0,0,0,0,0,1,0,0,0,0,0,0,0,0,0,0,1,1,0.00,0.00,0.00,0.00,1.00,0.00,0.00,5,255,1.00,0.00,0.20,0.02,0.00,0.00,0.00,0.00,normal,21
0,tcp,private,S0,0,0,0,0,0,0,0,0,0,0,0,0,0,0,0,0,0,0,123,7,1.00,1.00,0.00,0.00,0.06,0.06,0.00,255,7,0.03,0.08,0.00,0.00,1.00,1.00,0.00,0.00,neptune,21
0,tcp,supdup,S0,0,0,0,0,0,0,0,0,0,0,0,0,0,0,0,0,0,0,245,20,1.00,1.00,0.00,0.00,0.08,0.06,0.00,255,7,0.03,0.07,0.00,0.00,1.00,1.00,0.00,0.00,neptune,18
0,udp,other,SF,147,0,0,0,0,0,0,0,0,0,0,0,0,0,0,0,0,0,3,1,0.00,0.00,0.00,0.00,0.33,0.67,0.00,255,1,0.00,0.61,0.97,0.00,0.00,0.00,0.00,0.00,normal,21
0,tcp,http,SF,262,1011,0,0,0,0,0,1,0,0,0,0,0,0,0,0,0,0,3,4,0.00,0.00,0.00,0.00,1.00,0.00,0.50,94,255,1.00,0.00,0.02,0.01,0.00,0.00,0.00,0.00,normal,21
0,icmp,ecr_i,SF,1032,0,0,0,0,0,0,0,0,0,0,0,0,0,0,0,0,0,263,263,0.00,0.00,0.00,0.00,1.00,0.00,0.00,255,255,1.00,0.00,1.00,0.00,0.00,0.00,0.00,0.00,smurf,20
0,tcp,private,S0,0,0,0,0,0,0,0,0,0,0,0,0,0,0,0,0,0,0,109,13,1.00,1.00,0.00,0.00,0.12,0.06,0.00,255,7,0.03,0.06,0.00,0.00,1.00,1.00,0.00,0.00,neptune,21
0,tcp,http,SF,261,8412,0,0,0,0,0,1,0,0,0,0,0,0,0,0,0,0,9,9,0.00,0.00,0.00,0.00,1.00,0.00,0.00,255,255,1.00,0.00,0.00,0.00,0.00,0.00,0.00,0.00,normal,21
0,tcp,bgp,REJ,0,0,0,0,0,0,0,0,0,0,0,0,0,0,0,0,0,0,145,8,0.00,0.00,1.00,1.00,0.06,0.08,0.00,255,8,0.03,0.09,0.00,0.00,0.00,0.00,1.00,1.00,neptune,18
0,tcp,netbios_dgm,REJ,0,0,0,0,0,0,0,0,0,0,0,0,0,0,0,0,0,0,250,2,0.00,0.00,1.00,1.00,0.01,0.07,0.00,255,2,0.01,0.07,0.00,0.00,0.00,0.00,1.00,1.00,neptune,20
0,tcp,http,SF,294,1719,0,0,0,0,0,1,0,0,0,0,0,0,0,0,0,0,8,8,0.00,0.00,0.00,0.00,1.00,0.00,0.00,108,255,1.00,0.00,0.01,0.01,0.00,0.00,0.00,0.00,normal,21
0,tcp,http,SF,221,981,0,0,0,0,0,1,0,0,0,0,0,0,0,0,0,0,2,3,0.00,0.00,0.00,0.00,1.00,0.00,0.67,50,82,1.00,0.00,0.02,0.04,0.00,0.00,0.00,0.00,normal,21
0,tcp,http,SF,284,10352,0,0,0,0,0,1,0,0,0,0,0,0,0,0,0,0,2,2,0.00,0.00,0.00,0.00,1.00,0.00,0.00,11,255,1.00,0.00,0.09,0.07,0.00,0.00,0.00,0.00,normal,21
0,tcp,gopher,SH,0,0,0,0,0,0,0,0,0,0,0,0,0,0,0,0,0,0,1,1,1.00,1.00,0.00,0.00,1.00,0.00,0.00,255,1,0.00,1.00,1.00,0.00,1.00,1.00,0.00,0.00,nmap,18
0,tcp,http,SF,309,16096,0,0,0,0,0,1,0,0,0,0,0,0,0,0,0,0,3,3,0.00,0.00,0.00,0.00,1.00,0.00,0.00,31,129,1.00,0.00,0.03,0.02,0.00,0.00,0.00,0.00,normal,21
0,tcp,ftp_data,SF,334,0,0,0,0,0,0,1,0,0,0,0,0,0,0,0,0,0,2,2,0.00,0.00,0.00,0.00,1.00,0.00,0.00,6,26,1.00,0.00,1.00,0.19,0.00,0.00,0.00,0.00,warezclient,11
0,tcp,telnet,S0,0,0,0,0,0,0,0,0,0,0,0,0,0,0,0,0,0,0,13,4,1.00,1.00,0.00,0.00,0.31,0.31,0.00,255,64,0.25,0.02,0.01,0.00,1.00,1.00,0.00,0.00,neptune,19
0,tcp,private,S0,0,0,0,0,0,0,0,0,0,0,0,0,0,0,0,0,0,0,87,1,1.00,1.00,0.00,0.00,0.01,0.07,0.00,255,1,0.00,0.06,0.00,0.00,1.00,1.00,0.00,0.00,neptune,21
0,tcp,http,SF,214,283,0,0,0,0,0,1,0,0,0,0,0,0,0,0,0,0,2,2,0.00,0.00,0.00,0.00,1.00,0.00,0.00,27,255,1.00,0.00,0.04,0.05,0.00,0.01,0.00,0.00,normal,21
0,tcp,vmnet,S0,0,0,0,0,0,0,0,0,0,0,0,0,0,0,0,0,0,0,292,13,1.00,1.00,0.00,0.00,0.04,0.05,0.00,255,14,0.05,0.08,0.00,0.00,1.00,1.00,0.00,0.00,neptune,20
0,tcp,systat,S0,0,0,0,0,0,0,0,0,0,0,0,0,0,0,0,0,0,0,295,18,1.00,1.00,0.00,0.00,0.06,0.05,0.00,255,1,0.00,0.08,0.00,0.00,1.00,1.00,0.00,0.00,neptune,18
0,tcp,http_443,S0,0,0,0,0,0,0,0,0,0,0,0,0,0,0,0,0,0,0,143,15,1.00,1.00,0.00,0.00,0.10,0.06,0.00,255,15,0.06,0.05,0.00,0.00,1.00,1.00,0.00,0.00,neptune,20
0,udp,domain_u,SF,46,78,0,0,0,0,0,0,0,0,0,0,0,0,0,0,0,0,278,277,0.00,0.00,0.00,0.00,1.00,0.01,0.00,255,254,1.00,0.01,0.00,0.00,0.00,0.00,0.00,0.00,normal,18
0,tcp,ftp_data,SF,748,0,0,0,0,0,0,1,0,0,0,9,0,0,0,0,0,0,1,1,0.00,0.00,0.00,0.00,1.00,0.00,0.00,6,92,0.83,0.33,0.83,0.03,0.00,0.00,0.00,0.00,normal,20
0,tcp,efs,S0,0,0,0,0,0,0,0,0,0,0,0,0,0,0,0,0,0,0,102,19,1.00,1.00,0.00,0.00,0.19,0.06,0.00,255,18,0.07,0.06,0.00,0.00,1.00,1.00,0.00,0.00,neptune,19
0,icmp,eco_i,SF,8,0,0,0,0,0,0,0,0,0,0,0,0,0,0,0,0,0,1,46,0.00,0.00,0.00,0.00,1.00,0.00,1.00,1,15,1.00,0.00,1.00,0.53,0.00,0.00,0.00,0.00,ipsweep,17
0,tcp,whois,S0,0,0,0,0,0,0,0,0,0,0,0,0,0,0,0,0,0,0,251,3,1.00,1.00,0.00,0.00,0.01,0.07,0.00,255,3,0.01,0.08,0.00,0.00,1.00,1.00,0.00,0.00,neptune,19
0,tcp,http,SF,329,8437,0,0,0,0,0,1,0,0,0,0,0,0,0,0,0,0,4,4,0.00,0.00,0.00,0.00,1.00,0.00,0.00,83,255,1.00,0.00,0.01,0.04,0.00,0.00,0.00,0.00,normal,21
0,tcp,ftp_data,SF,9,0,0,0,0,0,0,1,0,0,0,0,0,0,0,0,0,0,2,2,0.00,0.00,0.00,0.00,1.00,0.00,0.00,185,119,0.50,0.38,0.50,0.02,0.00,0.00,0.37,0.01,normal,20
0,udp,domain_u,SF,46,128,0,0,0,0,0,0,0,0,0,0,0,0,0,0,0,0,222,302,0.00,0.00,0.00,0.00,1.00,0.00,0.01,255,253,0.99,0.01,0.00,0.00,0.00,0.00,0.00,0.00,normal,18
0,tcp,ftp_data,SF,1766,0,0,0,0,0,0,1,0,0,0,0,0,0,0,0,0,0,2,2,0.00,0.00,0.00,0.00,1.00,0.00,0.00,255,6,0.02,0.02,0.02,0.00,0.00,0.00,0.83,0.00,normal,17
0,tcp,remote_job,S0,0,0,0,0,0,0,0,0,0,0,0,0,0,0,0,0,0,0,260,4,1.00,1.00,0.00,0.00,0.02,0.06,0.00,255,4,0.02,0.07,0.00,0.00,1.00,1.00,0.00,0.00,neptune,21
9015,tcp,other,RSTR,1,0,0,0,0,0,0,0,0,0,0,0,0,0,0,0,0,0,2,2,0.00,0.00,1.00,1.00,1.00,0.00,0.00,255,2,0.01,0.74,1.00,0.00,0.00,0.00,1.00,1.00,portsweep,15
7,tcp,finger,SF,8,135,0,0,0,0,0,0,0,0,0,0,0,0,0,0,0,0,1,1,0.00,0.00,0.00,0.00,1.00,0.00,0.00,196,6,0.03,0.03,0.01,0.33,0.00,0.00,0.01,0.00,normal,21
0,tcp,http,SF,266,529,0,0,0,0,0,1,0,0,0,0,0,0,0,0,0,0,1,6,0.00,0.00,0.00,0.00,1.00,0.00,0.67,94,255,1.00,0.00,0.01,0.02,0.00,0.00,0.00,0.00,normal,21
0,tcp,ftp_data,SF,245,0,0,0,0,0,0,0,0,0,0,0,0,0,0,0,0,0,3,2,0.00,0.00,0.00,0.00,0.67,0.67,0.00,99,68,0.32,0.06,0.32,0.03,0.00,0.00,0.00,0.00,normal,21
0,tcp,http,SF,295,465,0,0,0,0,0,1,0,0,0,0,0,0,0,0,0,0,11,12,0.00,0.00,0.00,0.00,1.00,0.00,0.17,69,255,1.00,0.00,0.01,0.04,0.00,0.00,0.00,0.00,normal,21
0,tcp,gopher,S0,0,0,0,0,0,0,0,0,0,0,0,0,0,0,0,0,0,0,44,12,1.00,1.00,0.00,0.00,0.27,0.11,0.00,255,12,0.05,0.08,0.00,0.00,1.00,1.00,0.00,0.00,neptune,18
0,tcp,http,SF,228,6834,0,0,0,0,0,1,0,0,0,0,0,0,0,0,0,0,2,7,0.00,0.00,0.00,0.00,1.00,0.00,0.57,18,19,1.00,0.00,0.06,0.11,0.00,0.00,0.00,0.00,normal,21
0,icmp,ecr_i,SF,1032,0,0,0,0,0,0,0,0,0,0,0,0,0,0,0,0,0,511,511,0.00,0.00,0.00,0.00,1.00,0.00,0.00,255,212,0.83,0.02,0.83,0.00,0.00,0.00,0.00,0.00,smurf,18
0,tcp,imap4,REJ,0,0,0,0,0,0,0,0,0,0,0,0,0,0,0,0,0,0,272,15,0.00,0.00,1.00,1.00,0.06,0.06,0.00,255,15,0.06,0.07,0.00,0.00,0.00,0.00,1.00,1.00,neptune,19
0,tcp,private,S0,0,0,0,0,0,0,0,0,0,0,0,0,0,0,0,0,0,0,122,19,0.99,1.00,0.00,0.00,0.16,0.07,0.00,255,19,0.07,0.05,0.00,0.00,1.00,1.00,0.00,0.00,neptune,21
0,tcp,whois,S0,0,0,0,0,0,0,0,0,0,0,0,0,0,0,0,0,0,0,287,3,1.00,1.00,0.00,0.00,0.01,0.05,0.00,255,3,0.01,0.05,0.00,0.00,1.00,1.00,0.00,0.00,neptune,18
0,tcp,http,REJ,0,0,0,0,0,0,0,0,0,0,0,0,0,0,0,0,0,0,1,3,0.00,0.00,1.00,1.00,1.00,0.00,1.00,118,195,1.00,0.00,0.01,0.02,0.00,0.00,0.74,0.84,normal,21
0,tcp,other,REJ,0,0,0,0,0,0,0,0,0,0,0,0,0,0,0,0,0,0,486,1,0.08,0.00,0.89,1.00,0.00,0.95,0.00,255,1,0.00,0.91,0.00,0.00,0.11,0.00,0.89,1.00,satan,18
0,udp,other,SF,1,0,0,0,0,0,0,0,0,0,0,0,0,0,0,0,0,0,22,6,0.00,0.00,0.00,0.00,0.27,0.09,0.00,255,6,0.02,0.06,1.00,0.00,0.00,0.00,0.00,0.00,satan,20
0,tcp,iso_tsap,S0,0,0,0,0,0,0,0,0,0,0,0,0,0,0,0,0,0,0,286,9,1.00,1.00,0.00,0.00,0.03,0.06,0.00,255,11,0.04,0.07,0.00,0.00,1.00,1.00,0.00,0.00,neptune,19
0,icmp,ecr_i,SF,30,0,0,0,0,0,0,0,0,0,0,0,0,0,0,0,0,0,1,1,0.00,0.00,0.00,0.00,1.00,0.00,0.00,247,247,1.00,0.00,1.00,0.00,0.00,0.00,0.00,0.00,normal,16
1,tcp,smtp,SF,2078,333,0,0,0,0,0,1,0,0,0,0,0,0,0,0,0,0,1,2,0.00,0.00,0.00,0.00,1.00,0.00,1.00,89,117,0.31,0.03,0.01,0.02,0.00,0.00,0.00,0.00,normal,21
0,tcp,ftp_data,SF,19,0,0,0,0,0,0,0,0,0,0,0,0,0,0,0,0,0,1,1,0.00,0.00,0.00,0.00,1.00,0.00,0.00,201,5,0.02,0.04,0.02,0.00,0.00,0.00,0.00,0.00,normal,18
0,tcp,smtp,SF,661,329,0,0,0,0,0,1,0,0,0,0,0,0,0,0,0,0,1,1,0.00,0.00,0.00,0.00,1.00,0.00,0.00,163,69,0.36,0.02,0.01,0.03,0.00,0.00,0.00,0.00,normal,21
0,udp,private,SF,28,0,0,3,0,0,0,0,0,0,0,0,0,0,0,0,0,0,35,34,0.00,0.00,0.03,0.00,0.97,0.06,0.00,255,34,0.13,0.02,0.13,0.00,0.00,0.00,0.67,0.00,teardrop,15
0,tcp,ftp_data,S0,0,0,0,0,0,0,0,0,0,0,0,0,0,0,0,0,0,0,28,2,1.00,1.00,0.00,0.00,0.07,0.14,0.00,255,42,0.16,0.03,0.00,0.00,1.00,1.00,0.00,0.00,neptune,18
0,tcp,private,S0,0,0,0,0,0,0,0,0,0,0,0,0,0,0,0,0,0,0,108,18,1.00,1.00,0.00,0.00,0.17,0.07,0.00,255,18,0.07,0.07,0.00,0.00,1.00,1.00,0.00,0.00,neptune,21
0,tcp,private,S0,0,0,0,0,0,0,0,0,0,0,0,0,0,0,0,0,0,0,101,5,1.00,1.00,0.00,0.00,0.05,0.06,0.00,255,15,0.06,0.07,0.00,0.00,1.00,1.00,0.00,0.00,neptune,21
0,tcp,smtp,SF,1075,364,0,0,0,0,0,1,0,0,0,0,0,0,0,0,0,0,1,2,0.00,0.00,0.00,0.00,1.00,0.00,1.00,255,100,0.39,0.17,0.00,0.00,0.00,0.00,0.00,0.00,normal,21
0,tcp,http,SF,223,656,0,0,0,0,0,1,0,0,0,0,0,0,0,0,0,0,12,21,0.00,0.00,0.00,0.00,1.00,0.00,0.14,172,255,1.00,0.00,0.01,0.02,0.00,0.00,0.00,0.00,normal,21
15159,tcp,ftp,SF,350,1185,0,0,0,6,0,1,0,0,0,0,0,0,0,0,0,1,1,2,0.00,0.00,0.00,0.00,1.00,0.00,1.00,255,142,0.56,0.02,0.00,0.00,0.00,0.00,0.00,0.00,warezclient,2
0,tcp,http,SF,233,2470,0,0,0,0,0,1,0,0,0,0,0,0,0,0,0,0,10,10,0.00,0.00,0.00,0.00,1.00,0.00,0.00,32,255,1.00,0.00,0.03,0.01,0.00,0.00,0.00,0.00,normal,21
0,tcp,private,S0,0,0,0,0,0,0,0,0,0,0,0,0,0,0,0,0,0,0,223,10,1.00,1.00,0.00,0.00,0.04,0.07,0.00,255,9,0.04,0.05,0.00,0.00,1.00,1.00,0.00,0.00,neptune,21
0,tcp,echo,S0,0,0,0,0,0,0,0,0,0,0,0,0,0,0,0,0,0,0,223,17,1.00,1.00,0.00,0.00,0.08,0.06,0.00,255,17,0.07,0.06,0.00,0.00,1.00,1.00,0.00,0.00,neptune,19
0,tcp,http,SF,201,1938,0,0,0,0,0,1,0,0,0,0,0,0,0,0,0,0,19,34,0.00,0.00,0.00,0.00,1.00,0.00,0.06,44,255,1.00,0.00,0.02,0.03,0.00,0.00,0.00,0.00,normal,21
0,tcp,http,SF,271,4781,0,0,0,0,0,1,0,0,0,0,0,0,0,0,0,0,4,7,0.00,0.00,0.00,0.00,1.00,0.00,0.29,11,28,1.00,0.00,0.09,0.25,0.00,0.00,0.00,0.00,normal,21
0,tcp,ftp_data,SF,14416,0,0,0,0,0,0,1,0,0,0,0,0,0,0,0,0,0,1,1,0.00,0.00,0.00,0.00,1.00,0.00,0.00,205,50,0.19,0.02,0.19,0.04,0.00,0.00,0.00,0.00,normal,21
0,tcp,http,SF,227,11564,0,0,0,0,0,1,0,0,0,0,0,0,0,0,0,0,5,6,0.00,0.00,0.00,0.00,1.00,0.00,0.33,41,52,1.00,0.00,0.02,0.04,0.00,0.00,0.00,0.00,normal,21
0,tcp,private,REJ,0,0,0,0,0,0,0,0,0,0,0,0,0,0,0,0,0,0,406,1,0.00,0.00,1.00,1.00,0.00,0.52,0.00,255,1,0.00,0.52,1.00,0.00,0.00,0.00,1.00,1.00,portsweep,18
0,tcp,http,SF,225,2445,0,0,0,0,0,1,0,0,0,0,0,0,0,0,0,0,4,5,0.00,0.00,0.00,0.00,1.00,0.00,0.40,255,255,1.00,0.00,0.00,0.00,0.00,0.00,0.00,0.00,normal,21
0,tcp,http,SF,176,426,0,0,0,0,0,1,0,0,0,0,0,0,0,0,0,0,6,6,0.00,0.00,0.00,0.00,1.00,0.00,0.00,255,255,1.00,0.00,0.00,0.00,0.00,0.00,0.00,0.00,normal,21
0,tcp,klogin,S0,0,0,0,0,0,0,0,0,0,0,0,0,0,0,0,0,0,0,143,14,1.00,1.00,0.00,0.00,0.10,0.06,0.00,255,14,0.05,0.06,0.00,0.00,1.00,1.00,0.00,0.00,neptune,21
0,tcp,http,SF,227,762,0,0,0,0,0,1,0,0,0,0,0,0,0,0,0,0,17,17,0.00,0.00,0.00,0.00,1.00,0.00,0.00,202,255,1.00,0.00,0.00,0.02,0.00,0.00,0.00,0.00,normal,21
0,tcp,smtp,SF,855,575,0,0,0,0,0,1,0,0,0,0,0,0,0,0,0,0,1,1,0.00,0.00,0.00,0.00,1.00,0.00,0.00,255,20,0.08,0.02,0.00,0.00,0.00,0.00,0.00,0.00,normal,21
0,tcp,smtp,SF,944,330,0,0,0,0,0,1,0,0,0,0,0,0,0,0,0,0,1,1,0.00,0.00,0.00,0.00,1.00,0.00,0.00,214,166,0.63,0.02,0.00,0.01,0.00,0.00,0.00,0.00,normal,21
0,tcp,smtp,SF,954,326,0,0,0,0,0,1,0,0,0,0,0,0,0,0,0,0,2,1,0.00,0.00,0.00,0.00,0.50,1.00,0.00,28,104,0.71,0.11,0.04,0.02,0.00,0.00,0.00,0.00,normal,21
0,tcp,uucp_path,S0,0,0,0,0,0,0,0,0,0,0,0,0,0,0,0,0,0,0,201,18,1.00,1.00,0.00,0.00,0.09,0.06,0.00,255,18,0.07,0.07,0.00,0.00,1.00,1.00,0.00,0.00,neptune,18
0,tcp,http,SF,166,34660,0,0,0,0,0,1,0,0,0,0,0,0,0,0,0,0,1,1,0.00,0.00,0.00,0.00,1.00,0.00,0.00,16,255,1.00,0.00,0.06,0.06,0.00,0.00,0.00,0.00,normal,21
0,tcp,http,SF,306,2698,0,0,0,0,0,1,0,0,0,0,0,0,1,0,0,0,4,5,0.00,0.00,0.00,0.20,1.00,0.00,0.40,255,240,0.94,0.01,0.00,0.00,0.00,0.00,0.01,0.00,normal,21
0,tcp,netbios_ns,S0,0,0,0,0,0,0,0,0,0,0,0,0,0,0,0,0,0,0,124,19,1.00,1.00,0.00,0.00,0.15,0.05,0.00,255,19,0.07,0.05,0.00,0.00,1.00,1.00,0.00,0.00,neptune,20
0,tcp,private,REJ,0,0,0,0,0,0,0,0,0,0,0,0,0,0,0,0,0,0,162,1,0.05,0.00,0.94,1.00,0.01,1.00,0.00,255,1,0.00,0.80,0.00,0.00,0.03,0.00,0.61,1.00,satan,18
0,icmp,ecr_i,SF,1480,0,0,1,0,0,0,0,0,0,0,0,0,0,0,0,0,0,2,4,0.00,0.00,0.00,0.00,1.00,0.00,0.50,2,38,1.00,0.00,1.00,0.50,0.00,0.00,0.00,0.00,pod,14
0,tcp,iso_tsap,S0,0,0,0,0,0,0,0,0,0,0,0,0,0,0,0,0,0,0,277,17,1.00,1.00,0.00,0.00,0.06,0.05,0.00,255,17,0.07,0.07,0.00,0.00,1.00,1.00,0.00,0.00,neptune,20
0,tcp,http,SF,313,8549,0,0,0,0,0,1,0,0,0,0,0,0,0,0,0,0,4,4,0.00,0.00,0.00,0.00,1.00,0.00,0.00,255,255,1.00,0.00,0.00,0.00,0.00,0.00,0.00,0.00,normal,21
0,tcp,link,S0,0,0,0,0,0,0,0,0,0,0,0,0,0,0,0,0,0,0,274,22,1.00,1.00,0.00,0.00,0.08,0.05,0.00,255,22,0.09,0.05,0.00,0.00,1.00,1.00,0.00,0.00,neptune,18
0,tcp,sunrpc,S0,0,0,0,0,0,0,0,0,0,0,0,0,0,0,0,0,0,0,141,12,1.00,1.00,0.00,0.00,0.09,0.06,0.00,255,16,0.06,0.06,0.00,0.00,1.00,1.00,0.00,0.00,neptune,20
0,tcp,http,SF,285,6008,0,0,0,0,0,1,0,0,0,0,0,0,0,0,0,0,3,3,0.00,0.00,0.00,0.00,1.00,0.00,0.00,128,255,1.00,0.00,0.01,0.01,0.00,0.00,0.01,0.00,normal,21
0,tcp,http,SF,226,1411,0,0,0,0,0,1,0,0,0,0,0,0,0,0,0,0,8,23,0.00,0.00,0.00,0.00,1.00,0.00,0.13,37,255,1.00,0.00,0.03,0.02,0.00,0.00,0.00,0.00,normal,21
0,tcp,http,SF,256,12984,0,0,0,0,0,1,0,0,0,0,0,0,0,0,0,0,1,1,0.00,0.00,0.00,0.00,1.00,0.00,0.00,34,255,1.00,0.00,0.03,0.04,0.00,0.00,0.00,0.00,normal,21
1,tcp,smtp,SF,3740,449,0,0,0,0,0,1,0,0,0,0,0,0,0,0,0,0,1,3,0.00,0.00,0.00,0.00,1.00,0.00,1.00,193,185,0.68,0.02,0.01,0.01,0.00,0.00,0.00,0.00,normal,21
0,tcp,http,SF,224,449,0,0,0,0,0,1,0,0,0,0,0,0,0,0,0,0,10,11,0.10,0.09,0.00,0.00,1.00,0.00,0.18,39,255,1.00,0.00,0.03,0.04,0.03,0.00,0.00,0.00,normal,21
0,tcp,login,S0,0,0,0,0,0,0,0,0,0,0,0,0,0,0,0,0,0,0,103,3,1.00,1.00,0.00,0.00,0.03,0.07,0.00,255,3,0.01,0.07,0.00,0.00,1.00,1.00,0.00,0.00,neptune,21
4,tcp,ftp_data,SF,832,0,0,0,0,0,0,1,0,0,0,0,0,0,0,0,0,0,1,1,0.00,0.00,0.00,0.00,1.00,0.00,0.00,3,28,1.00,0.00,1.00,0.18,0.00,0.00,0.00,0.00,warezclient,12
0,tcp,finger,S0,0,0,0,0,0,0,0,0,0,0,0,0,0,0,0,0,0,0,246,20,1.00,1.00,0.00,0.00,0.08,0.06,0.00,255,20,0.08,0.07,0.00,0.00,1.00,1.00,0.00,0.00,neptune,20
0,icmp,eco_i,SF,8,0,0,0,0,0,0,0,0,0,0,0,0,0,0,0,0,0,1,50,0.00,0.00,0.00,0.00,1.00,0.00,1.00,1,25,1.00,0.00,1.00,0.56,0.00,0.00,0.00,0.00,ipsweep,15
0,tcp,http,SF,201,169,0,0,0,0,0,1,0,0,0,0,0,0,0,0,0,0,7,7,0.00,0.00,0.00,0.00,1.00,0.00,0.00,29,255,1.00,0.00,0.03,0.04,0.03,0.00,0.00,0.00,normal,21
0,tcp,http,SF,285,304,0,0,0,0,0,1,0,0,0,0,0,0,0,0,0,0,32,34,0.00,0.00,0.00,0.00,1.00,0.00,0.09,101,255,1.00,0.00,0.01,0.03,0.00,0.00,0.00,0.00,normal,21
0,tcp,kshell,S0,0,0,0,0,0,0,0,0,0,0,0,0,0,0,0,0,0,0,125,24,1.00,1.00,0.00,0.00,0.19,0.05,0.00,255,24,0.09,0.05,0.00,0.00,1.00,1.00,0.00,0.00,neptune,18
0,tcp,ftp_data,SF,7422,0,0,0,0,0,0,1,0,0,0,0,0,0,0,0,0,0,8,8,0.00,0.00,0.00,0.00,1.00,0.00,0.00,255,44,0.17,0.02,0.17,0.00,0.00,0.00,0.72,0.00,normal,18
0,tcp,http,SF,198,12884,0,0,0,0,0,1,0,0,0,0,0,0,0,0,0,0,2,2,0.00,0.00,0.00,0.00,1.00,0.00,0.00,2,2,1.00,0.00,0.50,0.00,0.00,0.00,0.00,0.00,normal,20
20,tcp,smtp,SF,2310,328,0,0,0,0,0,1,0,0,0,0,0,0,0,0,0,0,1,3,0.00,0.00,0.00,0.00,1.00,0.00,1.00,255,157,0.62,0.02,0.00,0.00,0.00,0.00,0.00,0.00,normal,21
0,tcp,http,SF,331,955,0,0,0,0,0,1,0,0,0,0,0,0,0,0,0,0,6,6,0.00,0.00,0.00,0.00,1.00,0.00,0.00,38,255,1.00,0.00,0.03,0.01,0.00,0.00,0.00,0.00,normal,21
0,icmp,urp_i,SF,65,0,0,0,0,0,0,0,0,0,0,0,0,0,0,0,0,0,9,2,0.00,0.00,0.00,0.00,0.22,0.22,0.00,255,16,0.06,0.01,0.06,0.00,0.00,0.00,0.00,0.00,normal,18
0,udp,private,SF,28,0,0,3,0,0,0,0,0,0,0,0,0,0,0,0,0,0,4,4,0.00,0.00,0.00,0.00,1.00,0.00,0.00,255,71,0.28,0.01,0.28,0.00,0.00,0.00,0.00,0.00,teardrop,15
0,udp,domain_u,SF,45,77,0,0,0,0,0,0,0,0,0,0,0,0,0,0,0,0,171,173,0.00,0.00,0.00,0.00,1.00,0.00,0.01,255,232,0.91,0.01,0.00,0.00,0.00,0.00,0.00,0.00,normal,18
0,tcp,ftp,RSTO,0,0,0,0,0,0,0,0,0,0,0,0,0,0,0,0,0,0,250,3,0.00,0.00,1.00,1.00,0.01,0.06,0.00,255,3,0.01,0.07,0.00,0.00,0.00,0.00,1.00,1.00,neptune,20
0,tcp,auth,S0,0,0,0,0,0,0,0,0,0,0,0,0,0,0,0,0,0,0,238,7,1.00,1.00,0.00,0.00,0.03,0.07,0.00,255,7,0.03,0.07,0.00,0.00,1.00,1.00,0.00,0.00,neptune,20
0,tcp,kshell,S0,0,0,0,0,0,0,0,0,0,0,0,0,0,0,0,0,0,0,102,2,1.00,1.00,0.00,0.00,0.02,0.07,0.00,255,2,0.01,0.06,0.00,0.00,1.00,1.00,0.00,0.00,neptune,21
0,tcp,finger,SF,9,142,0,0,0,0,0,0,0,0,0,0,0,0,0,0,0,0,1,1,0.00,0.00,0.00,0.00,1.00,0.00,0.00,235,12,0.05,0.03,0.00,0.00,0.00,0.00,0.00,0.00,normal,21
0,tcp,http,SF,283,912,0,0,0,0,0,1,0,0,0,0,0,0,0,0,0,0,2,2,0.00,0.00,0.00,0.00,1.00,0.00,0.00,75,255,1.00,0.00,0.01,0.03,0.00,0.00,0.00,0.00,normal,21
0,tcp,http,SF,221,1789,0,0,0,0,0,1,0,0,0,0,0,0,0,0,0,0,2,10,0.50,0.10,0.00,0.10,1.00,0.00,0.40,73,255,1.00,0.00,0.01,0.02,0.01,0.00,0.00,0.00,normal,18
0,icmp,eco_i,SF,18,0,0,0,0,0,0,0,0,0,0,0,0,0,0,0,0,0,1,1,0.00,0.00,0.00,0.00,1.00,0.00,0.00,1,123,1.00,0.00,1.00,1.00,0.00,0.00,0.00,0.00,ipsweep,15
0,tcp,vmnet,S0,0,0,0,0,0,0,0,0,0,0,0,0,0,0,0,0,0,0,281,2,1.00,1.00,0.00,0.00,0.01,0.06,0.00,255,3,0.01,0.07,0.00,0.00,1.00,1.00,0.00,0.00,neptune,18
0,tcp,telnet,S0,0,0,0,0,0,0,0,0,0,0,0,0,0,0,0,0,0,0,30,2,1.00,1.00,0.00,0.00,0.07,0.13,0.00,255,52,0.20,0.03,0.00,0.00,1.00,1.00,0.00,0.00,neptune,18
0,tcp,ftp_data,S0,0,0,0,0,0,0,0,0,0,0,0,0,0,0,0,0,0,0,276,8,1.00,1.00,0.00,0.00,0.03,0.06,0.00,255,8,0.03,0.06,0.00,0.00,1.00,1.00,0.00,0.00,neptune,20
0,tcp,http,SF,302,1380,0,0,0,0,0,1,0,0,0,0,0,0,0,0,0,0,5,5,0.00,0.00,0.00,0.00,1.00,0.00,0.00,212,187,0.88,0.02,0.00,0.00,0.00,0.01,0.00,0.01,normal,21
0,tcp,private,S0,0,0,0,0,0,0,0,0,0,0,0,0,0,0,0,0,0,0,163,9,1.00,1.00,0.00,0.00,0.06,0.09,0.00,255,9,0.04,0.10,0.00,0.00,1.00,1.00,0.00,0.00,neptune,21
0,icmp,eco_i,SF,8,0,0,0,0,0,0,0,0,0,0,0,0,0,0,0,0,0,1,21,0.00,0.00,0.00,0.00,1.00,0.00,1.00,2,60,1.00,0.00,1.00,0.50,0.00,0.00,0.00,0.00,ipsweep,17
0,tcp,private,S0,0,0,0,0,0,0,0,0,0,0,0,0,0,0,0,0,0,0,301,20,1.00,1.00,0.00,0.00,0.07,0.06,0.00,255,19,0.07,0.05,0.00,0.00,1.00,1.00,0.00,0.00,neptune,21
0,tcp,http,SF,355,870,0,0,0,0,0,1,0,0,0,0,0,0,0,0,0,0,28,28,0.00,0.00,0.00,0.00,1.00,0.00,0.00,255,255,1.00,0.00,0.00,0.00,0.00,0.00,0.00,0.00,normal,21
0,icmp,eco_i,SF,8,0,0,0,0,0,0,0,0,0,0,0,0,0,0,0,0,0,1,23,0.00,0.00,0.00,0.00,1.00,0.00,1.00,1,63,1.00,0.00,1.00,0.51,0.00,0.00,0.00,0.00,ipsweep,18
18,tcp,telnet,SF,106,1468,0,0,0,0,0,0,0,0,0,0,0,0,0,0,0,0,1,1,0.00,0.00,0.00,0.00,1.00,0.00,0.00,117,1,0.01,0.04,0.01,0.00,0.00,0.00,0.00,0.00,normal,19
0,tcp,http,SF,286,1423,0,0,0,0,0,1,0,0,0,0,0,0,0,0,0,0,16,16,0.00,0.00,0.00,0.00,1.00,0.00,0.00,64,255,1.00,0.00,0.02,0.05,0.00,0.00,0.00,0.00,normal,21
9235,tcp,other,RSTR,1,0,0,0,0,0,0,0,0,0,0,0,0,0,0,0,0,0,2,2,0.00,0.00,1.00,1.00,1.00,0.00,0.00,255,2,0.01,0.74,1.00,0.00,0.00,0.00,1.00,1.00,portsweep,15
0,tcp,sql_net,SH,0,0,0,0,0,0,0,0,0,0,0,0,0,0,0,0,0,0,1,1,1.00,1.00,0.00,0.00,1.00,0.00,0.00,255,1,0.00,1.00,1.00,0.00,1.00,1.00,0.00,0.00,nmap,19
0,icmp,ecr_i,SF,1032,0,0,0,0,0,0,0,0,0,0,0,0,0,0,0,0,0,46,46,0.00,0.00,0.00,0.00,1.00,0.00,0.00,255,46,0.18,0.02,0.18,0.00,0.00,0.00,0.00,0.00,smurf,17
0,tcp,http,SF,168,9551,0,0,0,0,0,1,0,0,0,0,0,0,0,0,0,0,1,2,0.00,0.00,0.00,0.00,1.00,0.00,1.00,230,255,1.00,0.00,0.01,0.01,0.00,0.00,0.00,0.00,normal,21
0,tcp,http,SF,238,864,0,0,0,0,0,1,0,0,0,0,0,0,0,0,0,0,39,39,0.00,0.00,0.00,0.00,1.00,0.00,0.00,137,255,1.00,0.00,0.01,0.01,0.00,0.00,0.00,0.00,normal,21
0,tcp,private,RSTR,0,0,0,0,0,0,0,0,0,0,0,0,0,0,0,0,0,0,1,1,0.00,0.00,1.00,1.00,1.00,0.00,0.00,255,1,0.00,0.38,0.36,0.00,0.00,0.00,0.37,1.00,portsweep,18
0,tcp,http,SF,291,10369,0,0,0,0,0,1,0,0,0,0,0,0,0,0,0,0,6,6,0.00,0.00,0.00,0.00,1.00,0.00,0.00,13,255,1.00,0.00,0.08,0.05,0.00,0.00,0.00,0.00,normal,21
0,tcp,vmnet,S0,0,0,0,0,0,0,0,0,0,0,0,0,0,0,0,0,0,0,211,22,1.00,1.00,0.00,0.00,0.10,0.05,0.00,255,22,0.09,0.05,0.00,0.00,1.00,1.00,0.00,0.00,neptune,18
0,tcp,smtp,SF,749,330,0,0,0,0,0,1,0,0,0,0,0,0,0,0,0,0,1,1,0.00,0.00,0.00,0.00,1.00,0.00,0.00,27,129,0.74,0.11,0.04,0.02,0.00,0.00,0.00,0.00,normal,21
0,tcp,http,SF,198,6924,0,0,0,0,0,1,0,0,0,0,0,0,0,0,0,0,12,12,0.00,0.00,0.00,0.00,1.00,0.00,0.00,230,255,1.00,0.00,0.00,0.01,0.00,0.00,0.01,0.01,normal,21
0,tcp,mtp,REJ,0,0,0,0,0,0,0,0,0,0,0,0,0,0,0,0,0,0,280,11,0.00,0.00,1.00,1.00,0.04,0.06,0.00,255,11,0.04,0.07,0.00,0.00,0.00,0.00,1.00,1.00,neptune,20
0,tcp,http,SF,167,709,0,0,0,0,0,1,0,0,0,0,0,0,0,0,0,0,1,4,0.00,0.00,0.00,0.25,1.00,0.00,0.75,5,255,1.00,0.00,0.20,0.02,0.00,0.00,0.00,0.00,normal,21
0,tcp,http,SF,241,851,0,0,0,0,0,1,0,0,0,0,0,0,0,0,0,0,17,35,0.00,0.00,0.00,0.00,1.00,0.00,0.06,127,255,1.00,0.00,0.01,0.03,0.00,0.00,0.00,0.00,normal,21
0,tcp,http,SF,337,3360,0,0,0,0,0,1,0,0,0,0,0,0,0,0,0,0,6,6,0.00,0.00,0.00,0.00,1.00,0.00,0.00,255,255,1.00,0.00,0.00,0.00,0.00,0.00,0.00,0.00,normal,21
0,tcp,smtp,SF,729,328,0,0,0,0,0,1,0,0,0,0,0,0,0,0,0,0,1,1,0.00,0.00,0.00,0.00,1.00,0.00,0.00,106,156,0.41,0.04,0.01,0.01,0.00,0.01,0.00,0.00,normal,21
0,icmp,eco_i,SF,8,0,0,0,0,0,0,0,0,0,0,0,0,0,0,0,0,0,1,44,0.00,0.00,0.00,0.00,1.00,0.00,1.00,1,111,1.00,0.00,1.00,0.51,0.00,0.00,0.00,0.00,ipsweep,15
0,tcp,csnet_ns,S0,0,0,0,0,0,0,0,0,0,0,0,0,0,0,0,0,0,0,201,1,1.00,1.00,0.00,0.00,0.00,0.06,0.00,255,4,0.02,0.07,0.00,0.00,1.00,1.00,0.00,0.00,neptune,20
0,tcp,http,SF,222,1483,0,0,0,0,0,1,0,0,0,0,0,0,0,0,0,0,3,3,0.00,0.00,0.00,0.00,1.00,0.00,0.00,255,255,1.00,0.00,0.01,0.00,0.00,0.00,0.00,0.00,normal,21
0,tcp,auth,REJ,0,0,0,0,0,0,0,0,0,0,0,0,0,0,0,0,0,0,276,14,0.00,0.00,1.00,1.00,0.05,0.06,0.00,255,14,0.05,0.07,0.00,0.00,0.00,0.00,1.00,1.00,neptune,19
0,tcp,http,REJ,0,0,0,0,0,0,0,0,0,0,0,0,0,0,0,0,0,0,1,1,0.00,0.00,1.00,1.00,1.00,0.00,0.00,7,255,1.00,0.00,0.14,0.24,0.00,0.00,1.00,0.91,normal,21
0,udp,domain_u,SF,46,134,0,0,0,0,0,0,0,0,0,0,0,0,0,0,0,0,145,225,0.00,0.00,0.00,0.00,1.00,0.00,0.01,255,255,1.00,0.00,0.00,0.00,0.00,0.00,0.00,0.00,normal,18
0,tcp,http,SF,246,2719,0,0,0,0,0,1,0,0,0,0,0,0,0,0,0,0,1,1,0.00,0.00,0.00,0.00,1.00,0.00,0.00,1,255,1.00,0.00,1.00,0.07,0.00,0.00,0.00,0.00,normal,21
0,tcp,http,SF,222,771,0,0,0,0,0,1,0,0,0,0,0,0,0,0,0,0,8,8,0.00,0.00,0.00,0.00,1.00,0.00,0.00,45,255,1.00,0.00,0.02,0.02,0.00,0.00,0.00,0.00,normal,21
0,tcp,vmnet,S0,0,0,0,0,0,0,0,0,0,0,0,0,0,0,0,0,0,0,258,10,1.00,1.00,0.00,0.00,0.04,0.05,0.00,255,10,0.04,0.05,0.00,0.00,1.00,1.00,0.00,0.00,neptune,20
0,tcp,private,S0,0,0,0,0,0,0,0,0,0,0,0,0,0,0,0,0,0,0,256,12,1.00,1.00,0.00,0.00,0.05,0.06,0.00,255,10,0.04,0.07,0.00,0.00,1.00,1.00,0.00,0.00,neptune,21
409,tcp,telnet,SF,279,9598,0,0,0,0,0,1,2,0,0,0,0,0,0,0,0,0,1,1,0.00,0.00,0.00,0.00,1.00,0.00,0.00,251,113,0.45,0.01,0.00,0.00,0.80,0.88,0.00,0.00,normal,11
0,tcp,http,SF,226,651,0,0,0,0,0,1,0,0,0,0,0,0,0,0,0,0,12,12,0.00,0.00,0.00,0.00,1.00,0.00,0.00,255,255,1.00,0.00,0.01,0.00,0.00,0.00,0.00,0.00,normal,21
0,tcp,http,SF,299,447,0,0,0,0,0,1,0,0,0,0,0,0,0,0,0,0,26,44,0.00,0.00,0.00,0.00,1.00,0.00,0.07,255,255,1.00,0.00,0.00,0.00,0.00,0.00,0.00,0.00,normal,21
0,tcp,http,S0,0,0,0,0,0,0,0,0,0,0,0,0,0,0,0,0,0,0,14,6,1.00,1.00,0.00,0.00,0.43,0.29,0.00,94,26,0.28,0.04,0.01,0.00,1.00,1.00,0.00,0.00,neptune,18
0,tcp,ftp_data,SF,12,0,0,0,0,0,0,1,0,0,0,0,0,0,0,0,0,0,2,2,0.00,0.00,0.00,0.00,1.00,0.00,0.00,11,88,0.36,0.27,0.36,0.02,0.00,0.01,0.00,0.00,normal,20
0,tcp,http,SF,281,1951,0,0,0,0,0,1,0,0,0,0,0,0,0,0,0,0,30,31,0.00,0.00,0.00,0.00,1.00,0.00,0.06,77,255,1.00,0.00,0.01,0.03,0.00,0.01,0.00,0.00,normal,21
0,tcp,bgp,S0,0,0,0,0,0,0,0,0,0,0,0,0,0,0,0,0,0,0,138,25,1.00,1.00,0.00,0.00,0.18,0.05,0.00,255,25,0.10,0.05,0.00,0.00,1.00,1.00,0.00,0.00,neptune,18
0,udp,domain_u,SF,42,42,0,0,0,0,0,0,0,0,0,0,0,0,0,0,0,0,4,6,0.00,0.00,0.00,0.00,1.00,0.00,0.50,255,245,0.96,0.01,0.01,0.00,0.00,0.00,0.00,0.00,normal,21
0,tcp,ftp,S0,0,0,0,0,0,0,0,0,0,0,0,0,0,0,0,0,0,0,300,7,1.00,1.00,0.00,0.00,0.02,0.06,0.00,255,7,0.03,0.07,0.00,0.00,1.00,1.00,0.00,0.00,neptune,18
0,tcp,time,S0,0,0,0,0,0,0,0,0,0,0,0,0,0,0,0,0,0,0,199,9,1.00,1.00,0.00,0.00,0.05,0.07,0.00,255,9,0.04,0.07,0.00,0.00,1.00,1.00,0.00,0.00,neptune,18
0,tcp,http,SF,263,453,0,0,0,0,0,1,0,0,0,0,0,0,0,0,0,0,15,15,0.00,0.00,0.00,0.00,1.00,0.00,0.00,255,255,1.00,0.00,0.00,0.00,0.00,0.00,0.00,0.00,normal,21
36613,tcp,private,RSTR,1,0,0,0,0,0,0,0,0,0,0,0,0,0,0,0,0,0,2,2,0.00,0.00,1.00,1.00,1.00,0.00,0.00,255,2,0.01,0.50,1.00,0.00,0.00,0.00,1.00,1.00,portsweep,15
0,tcp,ftp,RSTO,0,0,0,0,0,0,0,0,0,0,0,0,0,0,0,0,0,0,1,1,0.00,0.00,1.00,1.00,1.00,0.00,0.00,212,43,0.20,0.02,0.00,0.00,0.00,0.00,0.06,0.12,normal,13
0,tcp,private,S0,0,0,0,0,0,0,0,0,0,0,0,0,0,0,0,0,0,0,144,15,1.00,1.00,0.00,0.00,0.10,0.06,0.00,255,30,0.12,0.06,0.00,0.00,1.00,1.00,0.00,0.00,neptune,18
0,tcp,sql_net,S0,0,0,0,0,0,0,0,0,0,0,0,0,0,0,0,0,0,0,104,4,1.00,1.00,0.00,0.00,0.04,0.07,0.00,255,18,0.07,0.07,0.00,0.00,1.00,1.00,0.00,0.00,neptune,19
0,tcp,http,SF,283,1980,0,0,0,0,0,1,0,0,0,0,0,0,0,0,0,0,18,18,0.00,0.00,0.00,0.00,1.00,0.00,0.00,18,255,1.00,0.00,0.06,0.03,0.00,0.00,0.00,0.00,normal,21
0,tcp,http,SF,161,5530,0,0,0,0,0,1,0,0,0,0,0,0,0,0,0,0,2,2,0.00,0.00,0.00,0.00,1.00,0.00,0.00,2,255,1.00,0.00,0.50,0.05,0.00,0.00,0.00,0.00,normal,21
0,tcp,http,SF,211,321,0,0,0,0,0,1,0,0,0,0,0,0,0,0,0,0,7,11,0.00,0.00,0.00,0.00,1.00,0.00,0.27,211,255,1.00,0.00,0.00,0.01,0.00,0.00,0.00,0.00,normal,21
0,tcp,http,SF,201,1701,0,0,0,0,0,1,0,0,0,0,0,0,0,0,0,0,7,7,0.00,0.00,0.00,0.00,1.00,0.00,0.00,32,255,1.00,0.00,0.03,0.04,0.00,0.00,0.00,0.00,normal,21
0,icmp,eco_i,SF,8,0,0,0,0,0,0,0,0,0,0,0,0,0,0,0,0,0,1,25,0.00,0.00,0.00,0.00,1.00,0.00,1.00,4,112,1.00,0.00,1.00,0.25,0.00,0.00,0.00,0.00,nmap,15
0,udp,other,SF,147,0,0,0,0,0,0,0,0,0,0,0,0,0,0,0,0,0,3,1,0.00,0.00,0.00,0.00,0.33,0.67,0.00,255,1,0.00,0.67,0.95,0.00,0.00,0.00,0.00,0.00,normal,21
0,tcp,private,S0,0,0,0,0,0,0,0,0,0,0,0,0,0,0,0,0,0,0,74,16,1.00,1.00,0.00,0.00,0.22,0.05,0.00,255,5,0.02,0.06,0.00,0.00,1.00,1.00,0.00,0.00,neptune,19
0,tcp,ftp_data,SF,567,0,0,0,0,0,0,0,0,0,0,0,0,0,0,0,0,0,1,1,0.00,0.00,0.00,0.00,1.00,0.00,0.00,53,38,0.25,0.09,0.25,0.05,0.00,0.00,0.00,0.00,normal,20
0,tcp,hostnames,REJ,0,0,0,0,0,0,0,0,0,0,0,0,0,0,0,0,0,0,225,2,0.00,0.00,1.00,1.00,0.01,0.07,0.00,255,2,0.01,0.08,0.00,0.00,0.00,0.00,1.00,1.00,neptune,19
0,tcp,telnet,S0,0,0,0,0,0,0,0,0,0,0,0,0,0,0,0,0,0,0,66,16,0.97,1.00,0.03,0.00,0.24,0.09,0.00,255,52,0.20,0.04,0.00,0.00,1.00,1.00,0.00,0.00,neptune,18
5043,tcp,ftp_data,SF,5131424,0,0,0,0,4,0,1,0,0,0,0,0,0,0,0,0,0,1,7,0.00,0.14,0.00,0.00,1.00,0.00,0.29,7,42,1.00,0.00,1.00,0.14,0.00,0.02,0.00,0.00,warezclient,12
0,tcp,http,SF,320,420,0,0,0,0,0,1,0,0,0,0,0,0,0,0,0,0,7,7,0.00,0.00,0.00,0.00,1.00,0.00,0.00,255,255,1.00,0.00,0.01,0.00,0.00,0.00,0.00,0.00,normal,21
0,icmp,eco_i,SF,8,0,0,0,0,0,0,0,0,0,0,0,0,0,0,0,0,0,1,35,0.00,0.00,0.00,0.00,1.00,0.00,1.00,1,61,1.00,0.00,1.00,0.51,0.00,0.00,0.00,0.00,ipsweep,18
0,tcp,smtp,S0,0,0,0,0,0,0,0,0,0,0,0,0,0,0,0,0,0,0,2,2,0.50,0.50,0.00,0.00,1.00,0.00,0.00,160,101,0.40,0.05,0.01,0.02,0.01,0.02,0.00,0.00,normal,17
0,tcp,http,SF,204,1229,0,0,0,0,0,1,0,0,0,0,0,0,0,0,0,0,4,4,0.00,0.00,0.00,0.00,1.00,0.00,0.00,54,255,1.00,0.00,0.02,0.04,0.00,0.00,0.00,0.00,normal,21
0,tcp,time,RSTR,0,0,0,0,0,0,0,0,0,0,0,0,0,0,0,0,0,0,1,1,0.00,0.00,1.00,1.00,1.00,0.00,0.00,255,1,0.00,0.16,0.15,0.00,0.00,0.00,0.15,1.00,portsweep,14
0,tcp,ftp_data,SF,10389,0,0,0,0,0,0,1,0,0,0,0,0,0,0,0,0,0,1,1,0.00,0.00,0.00,0.00,1.00,0.00,0.00,255,81,0.32,0.02,0.31,0.00,0.00,0.00,0.00,0.00,normal,21
0,tcp,uucp,S0,0,0,0,0,0,0,0,0,0,0,0,0,0,0,0,0,0,0,139,13,1.00,1.00,0.00,0.00,0.09,0.06,0.00,255,13,0.05,0.07,0.00,0.00,1.00,1.00,0.00,0.00,neptune,21
0,tcp,http,SF,344,573,0,0,0,0,0,1,0,0,0,0,0,0,0,0,0,0,28,60,0.04,0.03,0.00,0.00,1.00,0.00,0.08,255,255,1.00,0.00,0.00,0.00,0.00,0.00,0.00,0.00,normal,21
0,tcp,exec,RSTO,0,0,0,0,0,0,0,0,0,0,0,0,0,0,0,0,0,0,144,16,0.00,0.00,1.00,1.00,0.11,0.06,0.00,255,9,0.04,0.06,0.00,0.00,0.00,0.00,1.00,1.00,neptune,18
0,tcp,netbios_dgm,S0,0,0,0,0,0,0,0,0,0,0,0,0,0,0,0,0,0,0,241,19,1.00,1.00,0.00,0.00,0.08,0.05,0.00,255,19,0.07,0.07,0.00,0.00,1.00,1.00,0.00,0.00,neptune,20
0,tcp,http,SF,243,821,0,0,0,0,0,1,0,0,0,0,0,0,0,0,0,0,15,19,0.00,0.00,0.00,0.00,1.00,0.00,0.11,107,255,1.00,0.00,0.01,0.01,0.00,0.00,0.00,0.00,normal,21
0,icmp,ecr_i,SF,1032,0,0,0,0,0,0,0,0,0,0,0,0,0,0,0,0,0,213,213,0.00,0.00,0.00,0.00,1.00,0.00,0.00,255,255,1.00,0.00,1.00,0.00,0.00,0.00,0.00,0.00,smurf,19
0,icmp,eco_i,SF,8,0,0,0,0,0,0,0,0,0,0,0,0,0,0,0,0,0,1,45,0.00,0.00,0.00,0.00,1.00,0.00,1.00,1,11,1.00,0.00,1.00,0.55,0.00,0.00,0.00,0.00,ipsweep,15
0,tcp,private,REJ,0,0,0,0,0,0,0,0,0,0,0,0,0,0,0,0,0,0,36,1,0.17,0.00,0.83,1.00,0.03,1.00,0.00,255,1,0.00,0.47,0.00,0.00,0.02,0.00,0.13,1.00,satan,20
0,udp,private,SF,105,146,0,0,0,0,0,0,0,0,0,0,0,0,0,0,0,0,3,2,0.00,0.00,0.00,0.00,0.67,0.67,0.00,255,239,0.94,0.01,0.01,0.00,0.00,0.00,0.00,0.00,normal,21
0,tcp,private,S0,0,0,0,0,0,0,0,0,0,0,0,0,0,0,0,0,0,0,254,17,1.00,1.00,0.00,0.00,0.07,0.05,0.00,255,17,0.07,0.06,0.00,0.00,1.00,1.00,0.00,0.00,neptune,21
1,tcp,smtp,SF,1080,327,0,0,0,0,0,1,0,0,0,0,0,0,0,0,0,0,1,2,0.00,0.00,0.00,0.00,1.00,0.00,1.00,202,154,0.58,0.02,0.00,0.01,0.00,0.00,0.00,0.00,normal,21
0,tcp,telnet,S0,0,0,0,0,0,0,0,0,0,0,0,0,0,0,0,0,0,0,295,7,1.00,1.00,0.00,0.00,0.02,0.05,0.00,255,7,0.03,0.05,0.00,0.00,1.00,1.00,0.00,0.00,neptune,19
0,tcp,private,S0,0,0,0,0,0,0,0,0,0,0,0,0,0,0,0,0,0,0,171,3,1.00,1.00,0.00,0.00,0.02,0.07,0.00,255,14,0.05,0.07,0.00,0.00,1.00,1.00,0.00,0.00,neptune,19
0,tcp,Z39_50,S0,0,0,0,0,0,0,0,0,0,0,0,0,0,0,0,0,0,0,179,2,1.00,1.00,0.00,0.00,0.01,0.06,0.00,255,5,0.02,0.07,0.00,0.00,1.00,1.00,0.00,0.00,neptune,18
0,tcp,smtp,SF,657,326,0,0,0,0,0,1,0,0,0,0,0,0,0,0,0,0,2,1,0.00,0.00,0.00,0.00,0.50,1.00,0.00,255,11,0.04,0.60,0.00,0.00,0.00,0.09,0.00,0.00,normal,19
0,tcp,http_443,S0,0,0,0,0,0,0,0,0,0,0,0,0,0,0,0,0,0,0,101,7,1.00,1.00,0.00,0.00,0.07,0.06,0.00,255,3,0.01,0.07,0.00,0.00,1.00,1.00,0.00,0.00,neptune,21
0,tcp,http,SF,284,765,0,0,0,0,0,1,0,0,0,0,0,0,0,0,0,0,9,9,0.00,0.00,0.00,0.00,1.00,0.00,0.00,255,255,1.00,0.00,0.01,0.00,0.00,0.00,0.00,0.00,normal,21
0,tcp,http,SF,261,15455,0,0,0,0,0,1,0,0,0,0,0,0,0,0,0,0,22,22,0.00,0.00,0.00,0.00,1.00,0.00,0.00,255,255,1.00,0.00,0.00,0.00,0.00,0.00,0.00,0.00,normal,21
0,tcp,http,SF,317,315,0,0,0,0,0,1,0,0,0,0,0,0,0,0,0,0,1,2,0.00,0.00,0.00,0.00,1.00,0.00,1.00,255,255,1.00,0.00,0.00,0.00,0.00,0.00,0.00,0.00,normal,21
0,udp,domain_u,SF,33,0,0,0,0,0,0,0,0,0,0,0,0,0,0,0,0,0,8,8,0.00,0.00,0.00,0.00,1.00,0.00,0.00,255,36,0.14,0.03,0.14,0.00,0.00,0.00,0.00,0.00,normal,21
0,tcp,private,REJ,0,0,0,0,0,0,0,0,0,0,0,0,0,0,0,0,0,0,2,1,0.00,0.00,1.00,1.00,0.50,1.00,0.00,255,1,0.00,0.60,0.56,0.00,0.01,0.00,0.57,1.00,portsweep,18
0,tcp,private,RSTR,0,0,0,0,0,0,0,0,0,0,0,0,0,0,0,0,0,0,1,1,0.00,0.00,1.00,1.00,1.00,0.00,0.00,255,1,0.00,0.64,0.64,0.00,0.00,0.00,0.64,1.00,portsweep,18
0,udp,domain_u,SF,44,70,0,0,0,0,0,0,0,0,0,0,0,0,0,0,0,0,195,197,0.00,0.00,0.00,0.00,1.00,0.00,0.01,255,234,0.92,0.01,0.01,0.00,0.00,0.00,0.00,0.00,normal,18
0,tcp,http,SF,215,584,0,0,0,0,0,1,0,0,0,0,0,0,0,0,0,0,4,9,0.00,0.00,0.00,0.00,1.00,0.00,0.56,255,255,1.00,0.00,0.00,0.00,0.00,0.00,0.00,0.00,normal,21
0,tcp,private,S0,0,0,0,0,0,0,0,0,0,0,0,0,0,0,0,0,0,0,260,9,1.00,1.00,0.00,0.00,0.03,0.07,0.00,255,7,0.03,0.07,0.00,0.00,1.00,1.00,0.00,0.00,neptune,21
0,tcp,http,SF,332,2844,0,0,0,0,0,1,0,0,0,0,0,0,0,0,0,0,14,14,0.00,0.00,0.00,0.00,1.00,0.00,0.00,142,255,1.00,0.00,0.01,0.03,0.00,0.00,0.00,0.00,normal,21
1,tcp,smtp,SF,978,334,0,0,0,0,0,1,0,0,0,0,0,0,0,0,0,0,1,3,0.00,0.00,0.00,0.00,1.00,0.00,1.00,128,164,0.75,0.03,0.01,0.02,0.00,0.00,0.00,0.00,normal,21
0,tcp,http,SF,296,5670,0,0,0,0,0,1,0,0,0,0,0,0,0,0,0,0,10,10,0.00,0.00,0.00,0.00,1.00,0.00,0.00,69,255,1.00,0.00,0.01,0.02,0.00,0.00,0.00,0.00,normal,21
0,tcp,telnet,S0,0,0,0,0,0,0,0,0,0,0,0,0,0,0,0,0,0,0,125,13,1.00,1.00,0.00,0.00,0.10,0.06,0.00,255,8,0.03,0.07,0.00,0.00,1.00,1.00,0.00,0.00,neptune,18
0,tcp,private,REJ,0,0,0,0,0,0,0,0,0,0,0,0,0,0,0,0,0,0,139,10,0.00,0.00,1.00,1.00,0.07,0.06,0.00,255,6,0.02,0.09,0.00,0.00,0.00,0.00,1.00,1.00,neptune,21